-7.120107 8.231395 13.876227 -12.627153 3.822874 -6.447482
-6.549843 -3.778325 17.751038 -6.691394 0.079988 -14.617470
-3.061517 -11.382398 0.548353 -16.206769 -9.720928 -11.653045
-8.508708 -2.659101 -5.581389 18.542795 6.435318 -11.387531
-4.170287 13.559553 -2.363870 7.045251 -11.592405 17.978510
5.582319 1.997331 13.682493 -15.066741 16.943886 -13.346550
-17.119762 11.005571 9.656649 -5.219585 -5.144700 5.508430
5.221440 -3.732224 -0.931216 8.175557 9.726269 5.486559
-4.909912 0.392891 19.961409 4.027359 5.673875 4.749474
13.774129 -2.996596 4.547362 -7.669178 1.841548 8.043753
5.393228 -8.201748 15.086592 -17.958157 -3.572952 -23.701316
10.309955 22.614395 -3.027406 -5.731659 10.137532 -0.596369
-20.181505 3.977845 -12.366490 13.187849 -9.269253 -5.487999
-6.010804 0.422115 11.165212 3.652882 -9.189481 -3.796018
-12.857394 5.302355 8.837862 28.619017 -10.909940 6.705125
-7.933565 7.852705 9.507445 3.483101 9.079657 -12.017935
3.351274 -2.275471 8.245030 -15.039869 29.982344 10.049243
-6.633332 0.853664 15.423669 -10.404650 16.833472 -15.927408
8.709591 2.793490 -9.532335 3.244978 -0.916657 0.166293
-10.647900 22.583121 -0.615848 -16.160870 -1.721459 -7.603314
3.898523 14.652042 5.449905 -14.135269 13.640873 -1.143612
17.210339 2.971378 5.263938 12.841470 0.204023 18.227311
1.524690 4.781463 4.643602 1.313094 10.645189 -11.118299
16.207811 3.133751 13.931283 16.341985 -7.812331 -0.453699
10.959055 6.790678 17.427415 11.942094 -4.600529 8.746562
6.513826 -7.622259 -20.797110 -4.206830 2.510627 -28.019012
14.286616 24.112848 5.659093 2.850193 -5.936132 10.438935
9.509127 -12.616631 -1.152971 -7.919331 -1.424317 -4.718141
-0.839740 4.324171 -3.098540 0.545441 5.053779 -6.332951
9.529355 -5.274422 3.295944 3.655233 -0.001380 23.749643
-0.816394 4.789210 11.323708 10.838245 -3.516400 16.350491
-1.545238 9.215658 12.224825 10.825714 3.874204 14.783816
-5.772329 6.628091 4.133314 4.876455 -2.339785 12.239564
-0.202158 1.470263 -5.847643 8.967187 -3.253714 -12.008006
-0.542527 1.834161 -21.345811 12.292774 4.679175 -16.774442
-10.807600 6.642981 -7.504118 -21.046516 -4.033837 -9.136984
23.553755 12.309646 7.707206 9.316672 18.809894 -2.028299
12.286685 -8.700006 -10.465365 -11.388798 -1.065685 1.952460
1.611794 -0.899820 -4.628831 0.750706 15.054479 -14.425722
0.362132 -9.797706 9.363460 -4.624121 21.852512 -5.415319
8.159749 -0.550163 16.411333 1.152482 5.527818 -14.050922
-8.319517 1.865000 -18.351548 -15.147275 4.003746 11.043066
-22.874013 -1.056152 17.763607 3.714428 -8.777727 -1.035252
-8.223519 -9.909746 -2.109331 10.058109 -4.978896 2.982165
1.311842 12.277974 0.830250 3.672208 4.304461 -3.047109
8.104231 -0.070168 -8.646201 16.704279 -7.168179 -7.705851
-1.569028 1.812018 -3.260872 -7.481364 5.478500 12.964371
0.739833 -4.675078 0.834500 -17.719167 11.423851 5.144923
-1.424568 14.870275 -11.404326 15.930143 -16.370754 3.153273
7.965793 -1.496287 -8.738865 11.384750 -1.860673 -4.957747
